nh = 30

0  cosbb  20  -1.0000000000000000  -0.9000000000000000  -0.8000000000000000  -0.7000000000000000  -0.6000000000000000  -0.5000000000000000  -0.3999999999999999  -0.2999999999999999  -0.2000000000000000  -0.1000000000000000  0.0000000000000000  0.1000000000000001  0.2000000000000002  0.3000000000000000  0.4000000000000001  0.5000000000000000  0.6000000000000001  0.7000000000000002  0.8000000000000000  0.9000000000000001  1.0000000000000000  T d$\sigma$/d$p{T,c_osbb}$&&[fb/GeV] $p{T,c_osbb}$&&[GeV]
1  cosjj  20  -1.0000000000000000  -0.9000000000000000  -0.8000000000000000  -0.7000000000000000  -0.6000000000000000  -0.5000000000000000  -0.3999999999999999  -0.2999999999999999  -0.2000000000000000  -0.1000000000000000  0.0000000000000000  0.1000000000000001  0.2000000000000002  0.3000000000000000  0.4000000000000001  0.5000000000000000  0.6000000000000001  0.7000000000000002  0.8000000000000000  0.9000000000000001  1.0000000000000000  T d$\sigma$/d$p{T,c_osjj}$&&[fb/GeV] $p{T,c_osjj}$&&[GeV]
2  ht  20  0.0000000000000000  75.0000000000000000  150.0000000000000000  225.0000000000000000  300.0000000000000000  375.0000000000000000  450.0000000000000000  525.0000000000000000  600.0000000000000000  675.0000000000000000  750.0000000000000000  825.0000000000000000  900.0000000000000000  975.0000000000000000  1050.0000000000000000  1125.0000000000000000  1200.0000000000000000  1275.0000000000000000  1350.0000000000000000  1425.0000000000000000  1500.0000000000000000  T d$\sigma$/d$p{T,h_t}$&&[fb/GeV] $p{T,h_t}$&&[GeV]
3  ht_had  20  0.0000000000000000  60.0000000000000000  120.0000000000000000  180.0000000000000000  240.0000000000000000  300.0000000000000000  360.0000000000000000  420.0000000000000000  480.0000000000000000  540.0000000000000000  600.0000000000000000  660.0000000000000000  720.0000000000000000  780.0000000000000000  840.0000000000000000  900.0000000000000000  960.0000000000000000  1020.0000000000000000  1080.0000000000000000  1140.0000000000000000  1200.0000000000000000  T d$\sigma$/d$p{T,h_t_had}$&&[fb/GeV] $p{T,h_t_had}$&&[GeV]
4  ht_vis  20  0.0000000000000000  75.0000000000000000  150.0000000000000000  225.0000000000000000  300.0000000000000000  375.0000000000000000  450.0000000000000000  525.0000000000000000  600.0000000000000000  675.0000000000000000  750.0000000000000000  825.0000000000000000  900.0000000000000000  975.0000000000000000  1050.0000000000000000  1125.0000000000000000  1200.0000000000000000  1275.0000000000000000  1350.0000000000000000  1425.0000000000000000  1500.0000000000000000  T d$\sigma$/d$p{T,h_t_vis}$&&[fb/GeV] $p{T,h_t_vis}$&&[GeV]
5  mbb  20  0.0000000000000000  50.0000000000000000  100.0000000000000000  150.0000000000000000  200.0000000000000000  250.0000000000000000  300.0000000000000000  350.0000000000000000  400.0000000000000000  450.0000000000000000  500.0000000000000000  550.0000000000000000  600.0000000000000000  650.0000000000000000  700.0000000000000000  750.0000000000000000  800.0000000000000000  850.0000000000000000  900.0000000000000000  950.0000000000000000  1000.0000000000000000  T d$\sigma$/d$p{T,m_bb}$&&[fb/GeV] $p{T,m_bb}$&&[GeV]
6  mjj  20  0.0000000000000000  40.0000000000000000  80.0000000000000000  120.0000000000000000  160.0000000000000000  200.0000000000000000  240.0000000000000000  280.0000000000000000  320.0000000000000000  360.0000000000000000  400.0000000000000000  440.0000000000000000  480.0000000000000000  520.0000000000000000  560.0000000000000000  600.0000000000000000  640.0000000000000000  680.0000000000000000  720.0000000000000000  760.0000000000000000  800.0000000000000000  T d$\sigma$/d$p{T,m_jj}$&&[fb/GeV] $p{T,m_jj}$&&[GeV]
7  phibb  20  0.0000000000000000  0.1570796326794897  0.3141592653589793  0.4712388980384690  0.6283185307179586  0.7853981633974483  0.9424777960769379  1.0995574287564276  1.2566370614359172  1.4137166941154069  1.5707963267948966  1.7278759594743862  1.8849555921538759  2.0420352248333655  2.1991148575128552  2.3561944901923448  2.5132741228718345  2.6703537555513241  2.8274333882308138  2.9845130209103035  3.1415926535897931  T d$\sigma$/d$p{T,p_hibb}$&&[fb/GeV] $p{T,p_hibb}$&&[GeV]
8  phijj  20  0.0000000000000000  0.1570796326794897  0.3141592653589793  0.4712388980384690  0.6283185307179586  0.7853981633974483  0.9424777960769379  1.0995574287564276  1.2566370614359172  1.4137166941154069  1.5707963267948966  1.7278759594743862  1.8849555921538759  2.0420352248333655  2.1991148575128552  2.3561944901923448  2.5132741228718345  2.6703537555513241  2.8274333882308138  2.9845130209103035  3.1415926535897931  T d$\sigma$/d$p{T,p_hijj}$&&[fb/GeV] $p{T,p_hijj}$&&[GeV]
9  ptb1  20  0.0000000000000000  30.0000000000000000  60.0000000000000000  90.0000000000000000  120.0000000000000000  150.0000000000000000  180.0000000000000000  210.0000000000000000  240.0000000000000000  270.0000000000000000  300.0000000000000000  330.0000000000000000  360.0000000000000000  390.0000000000000000  420.0000000000000000  450.0000000000000000  480.0000000000000000  510.0000000000000000  540.0000000000000000  570.0000000000000000  600.0000000000000000  T d$\sigma$/d$p{T,b_1}$&&[fb/GeV] $p{T,b_1}$&&[GeV]
10  ptb2  20  0.0000000000000000  20.0000000000000000  40.0000000000000000  60.0000000000000000  80.0000000000000000  100.0000000000000000  120.0000000000000000  140.0000000000000000  160.0000000000000000  180.0000000000000000  200.0000000000000000  220.0000000000000000  240.0000000000000000  260.0000000000000000  280.0000000000000000  300.0000000000000000  320.0000000000000000  340.0000000000000000  360.0000000000000000  380.0000000000000000  400.0000000000000000  T d$\sigma$/d$p{T,b_2}$&&[fb/GeV] $p{T,b_2}$&&[GeV]
11  ptbb  20  0.0000000000000000  30.0000000000000000  60.0000000000000000  90.0000000000000000  120.0000000000000000  150.0000000000000000  180.0000000000000000  210.0000000000000000  240.0000000000000000  270.0000000000000000  300.0000000000000000  330.0000000000000000  360.0000000000000000  390.0000000000000000  420.0000000000000000  450.0000000000000000  480.0000000000000000  510.0000000000000000  540.0000000000000000  570.0000000000000000  600.0000000000000000  T d$\sigma$/d$p{T,b_b}$&&[fb/GeV] $p{T,b_b}$&&[GeV]
12  ptj1  20  0.0000000000000000  30.0000000000000000  60.0000000000000000  90.0000000000000000  120.0000000000000000  150.0000000000000000  180.0000000000000000  210.0000000000000000  240.0000000000000000  270.0000000000000000  300.0000000000000000  330.0000000000000000  360.0000000000000000  390.0000000000000000  420.0000000000000000  450.0000000000000000  480.0000000000000000  510.0000000000000000  540.0000000000000000  570.0000000000000000  600.0000000000000000  T d$\sigma$/d$p{T,j_1}$&&[fb/GeV] $p{T,j_1}$&&[GeV]
13  ptj2  20  0.0000000000000000  20.0000000000000000  40.0000000000000000  60.0000000000000000  80.0000000000000000  100.0000000000000000  120.0000000000000000  140.0000000000000000  160.0000000000000000  180.0000000000000000  200.0000000000000000  220.0000000000000000  240.0000000000000000  260.0000000000000000  280.0000000000000000  300.0000000000000000  320.0000000000000000  340.0000000000000000  360.0000000000000000  380.0000000000000000  400.0000000000000000  T d$\sigma$/d$p{T,j_2}$&&[fb/GeV] $p{T,j_2}$&&[GeV]
14  ptjj  20  0.0000000000000000  30.0000000000000000  60.0000000000000000  90.0000000000000000  120.0000000000000000  150.0000000000000000  180.0000000000000000  210.0000000000000000  240.0000000000000000  270.0000000000000000  300.0000000000000000  330.0000000000000000  360.0000000000000000  390.0000000000000000  420.0000000000000000  450.0000000000000000  480.0000000000000000  510.0000000000000000  540.0000000000000000  570.0000000000000000  600.0000000000000000  T d$\sigma$/d$p{T,j_j}$&&[fb/GeV] $p{T,j_j}$&&[GeV]
15  ptmiss  20  0.0000000000000000  20.0000000000000000  40.0000000000000000  60.0000000000000000  80.0000000000000000  100.0000000000000000  120.0000000000000000  140.0000000000000000  160.0000000000000000  180.0000000000000000  200.0000000000000000  220.0000000000000000  240.0000000000000000  260.0000000000000000  280.0000000000000000  300.0000000000000000  320.0000000000000000  340.0000000000000000  360.0000000000000000  380.0000000000000000  400.0000000000000000  T d$\sigma$/d$p{T,m_iss}$&&[fb/GeV] $p{T,m_iss}$&&[GeV]
16  ptmu  20  0.0000000000000000  20.0000000000000000  40.0000000000000000  60.0000000000000000  80.0000000000000000  100.0000000000000000  120.0000000000000000  140.0000000000000000  160.0000000000000000  180.0000000000000000  200.0000000000000000  220.0000000000000000  240.0000000000000000  260.0000000000000000  280.0000000000000000  300.0000000000000000  320.0000000000000000  340.0000000000000000  360.0000000000000000  380.0000000000000000  400.0000000000000000  T d$\sigma$/d$p{T,m_u}$&&[fb/GeV] $p{T,m_u}$&&[GeV]
17  rbb  20  0.0000000000000000  0.2500000000000000  0.5000000000000000  0.7500000000000000  1.0000000000000000  1.2500000000000000  1.5000000000000000  1.7500000000000000  2.0000000000000000  2.2500000000000000  2.5000000000000000  2.7500000000000000  3.0000000000000000  3.2500000000000000  3.5000000000000000  3.7500000000000000  4.0000000000000000  4.2500000000000000  4.5000000000000000  4.7500000000000000  5.0000000000000000  T d$\sigma$/d$p{T,r_bb}$&&[fb/GeV] $p{T,r_bb}$&&[GeV]
18  rbj11  20  0.0000000000000000  0.2500000000000000  0.5000000000000000  0.7500000000000000  1.0000000000000000  1.2500000000000000  1.5000000000000000  1.7500000000000000  2.0000000000000000  2.2500000000000000  2.5000000000000000  2.7500000000000000  3.0000000000000000  3.2500000000000000  3.5000000000000000  3.7500000000000000  4.0000000000000000  4.2500000000000000  4.5000000000000000  4.7500000000000000  5.0000000000000000  T d$\sigma$/d$p{T,r_bj11}$&&[fb/GeV] $p{T,r_bj11}$&&[GeV]
19  rbj12  20  0.0000000000000000  0.2500000000000000  0.5000000000000000  0.7500000000000000  1.0000000000000000  1.2500000000000000  1.5000000000000000  1.7500000000000000  2.0000000000000000  2.2500000000000000  2.5000000000000000  2.7500000000000000  3.0000000000000000  3.2500000000000000  3.5000000000000000  3.7500000000000000  4.0000000000000000  4.2500000000000000  4.5000000000000000  4.7500000000000000  5.0000000000000000  T d$\sigma$/d$p{T,r_bj12}$&&[fb/GeV] $p{T,r_bj12}$&&[GeV]
20  rbj21  20  0.0000000000000000  0.2500000000000000  0.5000000000000000  0.7500000000000000  1.0000000000000000  1.2500000000000000  1.5000000000000000  1.7500000000000000  2.0000000000000000  2.2500000000000000  2.5000000000000000  2.7500000000000000  3.0000000000000000  3.2500000000000000  3.5000000000000000  3.7500000000000000  4.0000000000000000  4.2500000000000000  4.5000000000000000  4.7500000000000000  5.0000000000000000  T d$\sigma$/d$p{T,r_bj21}$&&[fb/GeV] $p{T,r_bj21}$&&[GeV]
21  rbj22  20  0.0000000000000000  0.2500000000000000  0.5000000000000000  0.7500000000000000  1.0000000000000000  1.2500000000000000  1.5000000000000000  1.7500000000000000  2.0000000000000000  2.2500000000000000  2.5000000000000000  2.7500000000000000  3.0000000000000000  3.2500000000000000  3.5000000000000000  3.7500000000000000  4.0000000000000000  4.2500000000000000  4.5000000000000000  4.7500000000000000  5.0000000000000000  T d$\sigma$/d$p{T,r_bj22}$&&[fb/GeV] $p{T,r_bj22}$&&[GeV]
22  rjj  20  0.0000000000000000  0.2500000000000000  0.5000000000000000  0.7500000000000000  1.0000000000000000  1.2500000000000000  1.5000000000000000  1.7500000000000000  2.0000000000000000  2.2500000000000000  2.5000000000000000  2.7500000000000000  3.0000000000000000  3.2500000000000000  3.5000000000000000  3.7500000000000000  4.0000000000000000  4.2500000000000000  4.5000000000000000  4.7500000000000000  5.0000000000000000  T d$\sigma$/d$p{T,r_jj}$&&[fb/GeV] $p{T,r_jj}$&&[GeV]
23  yb1  20  -2.5000000000000000  -2.2500000000000000  -2.0000000000000000  -1.7500000000000000  -1.5000000000000000  -1.2500000000000000  -1.0000000000000000  -0.7500000000000000  -0.5000000000000000  -0.2500000000000000  0.0000000000000000  0.2500000000000000  0.5000000000000000  0.7500000000000000  1.0000000000000000  1.2500000000000000  1.5000000000000000  1.7500000000000000  2.0000000000000000  2.2500000000000000  2.5000000000000000  T d$\sigma$/d$p{T,y_b1}$&&[fb/GeV] $p{T,y_b1}$&&[GeV]
24  yb2  20  -2.5000000000000000  -2.2500000000000000  -2.0000000000000000  -1.7500000000000000  -1.5000000000000000  -1.2500000000000000  -1.0000000000000000  -0.7500000000000000  -0.5000000000000000  -0.2500000000000000  0.0000000000000000  0.2500000000000000  0.5000000000000000  0.7500000000000000  1.0000000000000000  1.2500000000000000  1.5000000000000000  1.7500000000000000  2.0000000000000000  2.2500000000000000  2.5000000000000000  T d$\sigma$/d$p{T,y_b2}$&&[fb/GeV] $p{T,y_b2}$&&[GeV]
25  ybb  20  -2.5000000000000000  -2.2500000000000000  -2.0000000000000000  -1.7500000000000000  -1.5000000000000000  -1.2500000000000000  -1.0000000000000000  -0.7500000000000000  -0.5000000000000000  -0.2500000000000000  0.0000000000000000  0.2500000000000000  0.5000000000000000  0.7500000000000000  1.0000000000000000  1.2500000000000000  1.5000000000000000  1.7500000000000000  2.0000000000000000  2.2500000000000000  2.5000000000000000  T d$\sigma$/d$p{T,y_bb}$&&[fb/GeV] $p{T,y_bb}$&&[GeV]
26  yj1  20  -2.5000000000000000  -2.2500000000000000  -2.0000000000000000  -1.7500000000000000  -1.5000000000000000  -1.2500000000000000  -1.0000000000000000  -0.7500000000000000  -0.5000000000000000  -0.2500000000000000  0.0000000000000000  0.2500000000000000  0.5000000000000000  0.7500000000000000  1.0000000000000000  1.2500000000000000  1.5000000000000000  1.7500000000000000  2.0000000000000000  2.2500000000000000  2.5000000000000000  T d$\sigma$/d$p{T,y_j1}$&&[fb/GeV] $p{T,y_j1}$&&[GeV]
27  yj2  20  -2.5000000000000000  -2.2500000000000000  -2.0000000000000000  -1.7500000000000000  -1.5000000000000000  -1.2500000000000000  -1.0000000000000000  -0.7500000000000000  -0.5000000000000000  -0.2500000000000000  0.0000000000000000  0.2500000000000000  0.5000000000000000  0.7500000000000000  1.0000000000000000  1.2500000000000000  1.5000000000000000  1.7500000000000000  2.0000000000000000  2.2500000000000000  2.5000000000000000  T d$\sigma$/d$p{T,y_j2}$&&[fb/GeV] $p{T,y_j2}$&&[GeV]
28  yjj  20  -2.5000000000000000  -2.2500000000000000  -2.0000000000000000  -1.7500000000000000  -1.5000000000000000  -1.2500000000000000  -1.0000000000000000  -0.7500000000000000  -0.5000000000000000  -0.2500000000000000  0.0000000000000000  0.2500000000000000  0.5000000000000000  0.7500000000000000  1.0000000000000000  1.2500000000000000  1.5000000000000000  1.7500000000000000  2.0000000000000000  2.2500000000000000  2.5000000000000000  T d$\sigma$/d$p{T,y_jj}$&&[fb/GeV] $p{T,y_jj}$&&[GeV]
29  ymu  20  -2.5000000000000000  -2.2500000000000000  -2.0000000000000000  -1.7500000000000000  -1.5000000000000000  -1.2500000000000000  -1.0000000000000000  -0.7500000000000000  -0.5000000000000000  -0.2500000000000000  0.0000000000000000  0.2500000000000000  0.5000000000000000  0.7500000000000000  1.0000000000000000  1.2500000000000000  1.5000000000000000  1.7500000000000000  2.0000000000000000  2.2500000000000000  2.5000000000000000  T d$\sigma$/d$p{T,y_mu}$&&[fb/GeV] $p{T,y_mu}$&&[GeV]
