nh = 50

0  ptb1  20  0.0000000000000000  30.0000000000000000  60.0000000000000000  90.0000000000000000  120.0000000000000000  150.0000000000000000  180.0000000000000000  210.0000000000000000  240.0000000000000000  270.0000000000000000  300.0000000000000000  330.0000000000000000  360.0000000000000000  390.0000000000000000  420.0000000000000000  450.0000000000000000  480.0000000000000000  510.0000000000000000  540.0000000000000000  570.0000000000000000  600.0000000000000000 T d$\sigma$/d$p_{T,b_1}$&&[fb/GeV] $p_{T,b_1}$&&[GeV]
1  ptb2  20  0.0000000000000000  20.0000000000000000  40.0000000000000000  60.0000000000000000  80.0000000000000000  100.0000000000000000  120.0000000000000000  140.0000000000000000  160.0000000000000000  180.0000000000000000  200.0000000000000000  220.0000000000000000  240.0000000000000000  260.0000000000000000  280.0000000000000000  300.0000000000000000  320.0000000000000000  340.0000000000000000  360.0000000000000000  380.0000000000000000  400.0000000000000000 T d$\sigma$/d$p_{T,b_2}$&&[fb/GeV] $p_{T,b_2}$&&[GeV]
2  pta1  20  0.0000000000000000  30.0000000000000000  60.0000000000000000  90.0000000000000000  120.0000000000000000  150.0000000000000000  180.0000000000000000  210.0000000000000000  240.0000000000000000  270.0000000000000000  300.0000000000000000  330.0000000000000000  360.0000000000000000  390.0000000000000000  420.0000000000000000  450.0000000000000000  480.0000000000000000  510.0000000000000000  540.0000000000000000  570.0000000000000000  600.0000000000000000 T d$\sigma$/d$p_{T,\gamma_1}$&&[fb/GeV] $p_{T,\gamma_1}$&&[GeV]
3  pta2  20  0.0000000000000000  20.0000000000000000  40.0000000000000000  60.0000000000000000  80.0000000000000000  100.0000000000000000  120.0000000000000000  140.0000000000000000  160.0000000000000000  180.0000000000000000  200.0000000000000000  220.0000000000000000  240.0000000000000000  260.0000000000000000  280.0000000000000000  300.0000000000000000  320.0000000000000000  340.0000000000000000  360.0000000000000000  380.0000000000000000  400.0000000000000000 T d$\sigma$/d$p_{T,\gamma_2}$&&[fb/GeV] $p_{T,\gamma_2}$&&[GeV]
4  pte  20  0.0000000000000000  20.0000000000000000  40.0000000000000000  60.0000000000000000  80.0000000000000000  100.0000000000000000  120.0000000000000000  140.0000000000000000  160.0000000000000000  180.0000000000000000  200.0000000000000000  220.0000000000000000  240.0000000000000000  260.0000000000000000  280.0000000000000000  300.0000000000000000  320.0000000000000000  340.0000000000000000  360.0000000000000000  380.0000000000000000  400.0000000000000000 T d$\sigma$/d$p_{T,e^+}$&&[fb/GeV] $p_{T,e^+}$&&[GeV]
5  ptmu  20  0.0000000000000000  20.0000000000000000  40.0000000000000000  60.0000000000000000  80.0000000000000000  100.0000000000000000  120.0000000000000000  140.0000000000000000  160.0000000000000000  180.0000000000000000  200.0000000000000000  220.0000000000000000  240.0000000000000000  260.0000000000000000  280.0000000000000000  300.0000000000000000  320.0000000000000000  340.0000000000000000  360.0000000000000000  380.0000000000000000  400.0000000000000000 T d$\sigma$/d$p_{T,\mu^-}$&&[fb/GeV] $p_{T,\mu^-}$&&[GeV]
6  ptmiss  20  0.0000000000000000  20.0000000000000000  40.0000000000000000  60.0000000000000000  80.0000000000000000  100.0000000000000000  120.0000000000000000  140.0000000000000000  160.0000000000000000  180.0000000000000000  200.0000000000000000  220.0000000000000000  240.0000000000000000  260.0000000000000000  280.0000000000000000  300.0000000000000000  320.0000000000000000  340.0000000000000000  360.0000000000000000  380.0000000000000000  400.0000000000000000 T d$\sigma$/d$p_{T,miss}$&&[fb/GeV] $p_{T,miss}$&&[GeV]
7  ptbb  20  0.0000000000000000  30.0000000000000000  60.0000000000000000  90.0000000000000000  120.0000000000000000  150.0000000000000000  180.0000000000000000  210.0000000000000000  240.0000000000000000  270.0000000000000000  300.0000000000000000  330.0000000000000000  360.0000000000000000  390.0000000000000000  420.0000000000000000  450.0000000000000000  480.0000000000000000  510.0000000000000000  540.0000000000000000  570.0000000000000000  600.0000000000000000 T d$\sigma$/d$p_{T,b_1b_2}$&&[fb/GeV] $p_{T,b_1b_2}$&&[GeV]
8  ptaa  20  0.0000000000000000  30.0000000000000000  60.0000000000000000  90.0000000000000000  120.0000000000000000  150.0000000000000000  180.0000000000000000  210.0000000000000000  240.0000000000000000  270.0000000000000000  300.0000000000000000  330.0000000000000000  360.0000000000000000  390.0000000000000000  420.0000000000000000  450.0000000000000000  480.0000000000000000  510.0000000000000000  540.0000000000000000  570.0000000000000000  600.0000000000000000 T d$\sigma$/d$p_{T,\gamma_1\gamma_2}$&&[fb/GeV] $p_{T,\gamma_1\gamma_2}$&&[GeV]
9  ptll  20  0.0000000000000000  20.0000000000000000  40.0000000000000000  60.0000000000000000  80.0000000000000000  100.0000000000000000  120.0000000000000000  140.0000000000000000  160.0000000000000000  180.0000000000000000  200.0000000000000000  220.0000000000000000  240.0000000000000000  260.0000000000000000  280.0000000000000000  300.0000000000000000  320.0000000000000000  340.0000000000000000  360.0000000000000000  380.0000000000000000  400.0000000000000000 T d$\sigma$/d$p_{T,e^+\mu^-}$&&[fb/GeV] $p_{T,e^+\mu^-}$&&[GeV]
10  ht_had  20  0.0000000000000000  60.0000000000000000  120.0000000000000000  180.0000000000000000  240.0000000000000000  300.0000000000000000  360.0000000000000000  420.0000000000000000  480.0000000000000000  540.0000000000000000  600.0000000000000000  660.0000000000000000  720.0000000000000000  780.0000000000000000  840.0000000000000000  900.0000000000000000  960.0000000000000000  1020.0000000000000000  1080.0000000000000000  1140.0000000000000000  1200.0000000000000000 T d$\sigma$/d$H_T^{had}$&&[fb/GeV] $H_T^{had}$&&[GeV]
11  ht_lep  20  0.0000000000000000  40.0000000000000000  80.0000000000000000  120.0000000000000000  160.0000000000000000  200.0000000000000000  240.0000000000000000  280.0000000000000000  320.0000000000000000  360.0000000000000000  400.0000000000000000  440.0000000000000000  480.0000000000000000  520.0000000000000000  560.0000000000000000  600.0000000000000000  640.0000000000000000  680.0000000000000000  720.0000000000000000  760.0000000000000000  800.0000000000000000 T d$\sigma$/d$H_T^{lep}$&&[fb/GeV] $H_T^{lep}$&&[GeV]
12  ht_pho  20  0.0000000000000000  40.0000000000000000  80.0000000000000000  120.0000000000000000  160.0000000000000000  200.0000000000000000  240.0000000000000000  280.0000000000000000  320.0000000000000000  360.0000000000000000  400.0000000000000000  440.0000000000000000  480.0000000000000000  520.0000000000000000  560.0000000000000000  600.0000000000000000  640.0000000000000000  680.0000000000000000  720.0000000000000000  760.0000000000000000  800.0000000000000000 T d$\sigma$/d$H_T^{phot}$&&[fb/GeV] $H_T^{phot}$&&[GeV]
13  ht_vis  20  0.0000000000000000  75.0000000000000000  150.0000000000000000  225.0000000000000000  300.0000000000000000  375.0000000000000000  450.0000000000000000  525.0000000000000000  600.0000000000000000  675.0000000000000000  750.0000000000000000  825.0000000000000000  900.0000000000000000  975.0000000000000000  1050.0000000000000000  1125.0000000000000000  1200.0000000000000000  1275.0000000000000000  1350.0000000000000000  1425.0000000000000000  1500.0000000000000000 T d$\sigma$/d$H_T^{vis}$&&[fb/GeV] $H_T^{vis}$&&[GeV]
14  ht  20  0.0000000000000000  75.0000000000000000  150.0000000000000000  225.0000000000000000  300.0000000000000000  375.0000000000000000  450.0000000000000000  525.0000000000000000  600.0000000000000000  675.0000000000000000  750.0000000000000000  825.0000000000000000  900.0000000000000000  975.0000000000000000  1050.0000000000000000  1125.0000000000000000  1200.0000000000000000  1275.0000000000000000  1350.0000000000000000  1425.0000000000000000  1500.0000000000000000 T d$\sigma$/d$H_T$&&[fb/GeV] $H_T$&&[GeV]
15  mbb  20  0.0000000000000000  50.0000000000000000  100.0000000000000000  150.0000000000000000  200.0000000000000000  250.0000000000000000  300.0000000000000000  350.0000000000000000  400.0000000000000000  450.0000000000000000  500.0000000000000000  550.0000000000000000  600.0000000000000000  650.0000000000000000  700.0000000000000000  750.0000000000000000  800.0000000000000000  850.0000000000000000  900.0000000000000000  950.0000000000000000  1000.0000000000000000 T d$\sigma$/d$M_{b_1b_2}$&&[fb/GeV] $M_{b_1b_2}$&&[GeV]
16  maa  20  0.0000000000000000  40.0000000000000000  80.0000000000000000  120.0000000000000000  160.0000000000000000  200.0000000000000000  240.0000000000000000  280.0000000000000000  320.0000000000000000  360.0000000000000000  400.0000000000000000  440.0000000000000000  480.0000000000000000  520.0000000000000000  560.0000000000000000  600.0000000000000000  640.0000000000000000  680.0000000000000000  720.0000000000000000  760.0000000000000000  800.0000000000000000 T d$\sigma$/d$M_{\gamma_1\gamma_2}$&&[fb/GeV] $M_{\gamma_1\gamma_2}$&&[GeV]
17  mll  20  0.0000000000000000  40.0000000000000000  80.0000000000000000  120.0000000000000000  160.0000000000000000  200.0000000000000000  240.0000000000000000  280.0000000000000000  320.0000000000000000  360.0000000000000000  400.0000000000000000  440.0000000000000000  480.0000000000000000  520.0000000000000000  560.0000000000000000  600.0000000000000000  640.0000000000000000  680.0000000000000000  720.0000000000000000  760.0000000000000000  800.0000000000000000 T d$\sigma$/d$M_{e^+\mu^-}$&&[fb/GeV] $M_{e^+\mu^-}$&&[GeV]
18  yb1  20  -2.5000000000000000  -2.2500000000000000  -2.0000000000000000  -1.7500000000000000  -1.5000000000000000  -1.2500000000000000  -1.0000000000000000  -0.7500000000000000  -0.5000000000000000  -0.2500000000000000  0.0000000000000000  0.2500000000000000  0.5000000000000000  0.7500000000000000  1.0000000000000000  1.2500000000000000  1.5000000000000000  1.7500000000000000  2.0000000000000000  2.2500000000000000  2.5000000000000000 F d$\sigma$/d$y_{b_1}$&&[fb] $y_{b_1}$
19  yb2  20  -2.5000000000000000  -2.2500000000000000  -2.0000000000000000  -1.7500000000000000  -1.5000000000000000  -1.2500000000000000  -1.0000000000000000  -0.7500000000000000  -0.5000000000000000  -0.2500000000000000  0.0000000000000000  0.2500000000000000  0.5000000000000000  0.7500000000000000  1.0000000000000000  1.2500000000000000  1.5000000000000000  1.7500000000000000  2.0000000000000000  2.2500000000000000  2.5000000000000000 F d$\sigma$/d$y_{b_2}$&&[fb] $y_{b_2}$
20  ya1  20  -2.5000000000000000  -2.2500000000000000  -2.0000000000000000  -1.7500000000000000  -1.5000000000000000  -1.2500000000000000  -1.0000000000000000  -0.7500000000000000  -0.5000000000000000  -0.2500000000000000  0.0000000000000000  0.2500000000000000  0.5000000000000000  0.7500000000000000  1.0000000000000000  1.2500000000000000  1.5000000000000000  1.7500000000000000  2.0000000000000000  2.2500000000000000  2.5000000000000000 F d$\sigma$/d$y_{\gamma_1}$&&[fb] $y_{\gamma_1}$
21  ya2  20  -2.5000000000000000  -2.2500000000000000  -2.0000000000000000  -1.7500000000000000  -1.5000000000000000  -1.2500000000000000  -1.0000000000000000  -0.7500000000000000  -0.5000000000000000  -0.2500000000000000  0.0000000000000000  0.2500000000000000  0.5000000000000000  0.7500000000000000  1.0000000000000000  1.2500000000000000  1.5000000000000000  1.7500000000000000  2.0000000000000000  2.2500000000000000  2.5000000000000000 F d$\sigma$/d$y_{\gamma_2}$&&[fb] $y_{\gamma_2}$
22  ye  20  -2.5000000000000000  -2.2500000000000000  -2.0000000000000000  -1.7500000000000000  -1.5000000000000000  -1.2500000000000000  -1.0000000000000000  -0.7500000000000000  -0.5000000000000000  -0.2500000000000000  0.0000000000000000  0.2500000000000000  0.5000000000000000  0.7500000000000000  1.0000000000000000  1.2500000000000000  1.5000000000000000  1.7500000000000000  2.0000000000000000  2.2500000000000000  2.5000000000000000 F d$\sigma$/d$y_{e^+}$&&[fb] $y_{e^+}$
23  ymu  20  -2.5000000000000000  -2.2500000000000000  -2.0000000000000000  -1.7500000000000000  -1.5000000000000000  -1.2500000000000000  -1.0000000000000000  -0.7500000000000000  -0.5000000000000000  -0.2500000000000000  0.0000000000000000  0.2500000000000000  0.5000000000000000  0.7500000000000000  1.0000000000000000  1.2500000000000000  1.5000000000000000  1.7500000000000000  2.0000000000000000  2.2500000000000000  2.5000000000000000 F d$\sigma$/d$y_{\mu^-}$&&[fb] $y_{\mu^-}$
24  ybb  20  0.0000000000000000  0.2500000000000000  0.5000000000000000  0.7500000000000000  1.0000000000000000  1.2500000000000000  1.5000000000000000  1.7500000000000000  2.0000000000000000  2.2500000000000000  2.5000000000000000  2.7500000000000000  3.0000000000000000  3.2500000000000000  3.5000000000000000  3.7500000000000000  4.0000000000000000  4.2500000000000000  4.5000000000000000  4.7500000000000000  5.0000000000000000 F d$\sigma$/d$|\Delta&y_{b_1b_2}|$&&[fb] $|\Delta&y_{b_1b_2}|$
25  yaa  20  0.0000000000000000  0.2500000000000000  0.5000000000000000  0.7500000000000000  1.0000000000000000  1.2500000000000000  1.5000000000000000  1.7500000000000000  2.0000000000000000  2.2500000000000000  2.5000000000000000  2.7500000000000000  3.0000000000000000  3.2500000000000000  3.5000000000000000  3.7500000000000000  4.0000000000000000  4.2500000000000000  4.5000000000000000  4.7500000000000000  5.0000000000000000 F d$\sigma$/d$|\Delta&y_{\gamma_1\gamma_2}|$&&[fb] $|\Delta&y_{\gamma_1\gamma_2}|$
26  yll  20  0.0000000000000000  0.2500000000000000  0.5000000000000000  0.7500000000000000  1.0000000000000000  1.2500000000000000  1.5000000000000000  1.7500000000000000  2.0000000000000000  2.2500000000000000  2.5000000000000000  2.7500000000000000  3.0000000000000000  3.2500000000000000  3.5000000000000000  3.7500000000000000  4.0000000000000000  4.2500000000000000  4.5000000000000000  4.7500000000000000  5.0000000000000000 F d$\sigma$/d$|\Delta&y_{e^+\mu^-}|$&&[fb] $|\Delta&y_{e^+\mu^-}|$
27  ybbp  20  -2.5000000000000000  -2.2500000000000000  -2.0000000000000000  -1.7500000000000000  -1.5000000000000000  -1.2500000000000000  -1.0000000000000000  -0.7500000000000000  -0.5000000000000000  -0.2500000000000000  0.0000000000000000  0.2500000000000000  0.5000000000000000  0.7500000000000000  1.0000000000000000  1.2500000000000000  1.5000000000000000  1.7500000000000000  2.0000000000000000  2.2500000000000000  2.5000000000000000 F d$\sigma$/d$y_{b_1b_2}$&&[fb] $y_{b_1b_2}$
28  yaap  20  -2.5000000000000000  -2.2500000000000000  -2.0000000000000000  -1.7500000000000000  -1.5000000000000000  -1.2500000000000000  -1.0000000000000000  -0.7500000000000000  -0.5000000000000000  -0.2500000000000000  0.0000000000000000  0.2500000000000000  0.5000000000000000  0.7500000000000000  1.0000000000000000  1.2500000000000000  1.5000000000000000  1.7500000000000000  2.0000000000000000  2.2500000000000000  2.5000000000000000 F d$\sigma$/d$y_{\gamma_1\gamma_2}$&&[fb] $y_{\gamma_1\gamma_2}$
29  yllp  20  -2.5000000000000000  -2.2500000000000000  -2.0000000000000000  -1.7500000000000000  -1.5000000000000000  -1.2500000000000000  -1.0000000000000000  -0.7500000000000000  -0.5000000000000000  -0.2500000000000000  0.0000000000000000  0.2500000000000000  0.5000000000000000  0.7500000000000000  1.0000000000000000  1.2500000000000000  1.5000000000000000  1.7500000000000000  2.0000000000000000  2.2500000000000000  2.5000000000000000 F d$\sigma$/d$y_{e^+\mu^-}$&&[fb] $y_{e^+\mu^-}$
30  rbb  20  0.0000000000000000  0.2500000000000000  0.5000000000000000  0.7500000000000000  1.0000000000000000  1.2500000000000000  1.5000000000000000  1.7500000000000000  2.0000000000000000  2.2500000000000000  2.5000000000000000  2.7500000000000000  3.0000000000000000  3.2500000000000000  3.5000000000000000  3.7500000000000000  4.0000000000000000  4.2500000000000000  4.5000000000000000  4.7500000000000000  5.0000000000000000 F d$\sigma$/d$\Delta&R_{b_1b_2}$&&[fb] $\Delta&R_{b_1b_2}$
31  raa  20  0.0000000000000000  0.2500000000000000  0.5000000000000000  0.7500000000000000  1.0000000000000000  1.2500000000000000  1.5000000000000000  1.7500000000000000  2.0000000000000000  2.2500000000000000  2.5000000000000000  2.7500000000000000  3.0000000000000000  3.2500000000000000  3.5000000000000000  3.7500000000000000  4.0000000000000000  4.2500000000000000  4.5000000000000000  4.7500000000000000  5.0000000000000000 F d$\sigma$/d$\Delta&R_{\gamma_1\gamma_2}$&&[fb] $\Delta&R_{\gamma_1\gamma_2}$
32  rll  20  0.0000000000000000  0.2500000000000000  0.5000000000000000  0.7500000000000000  1.0000000000000000  1.2500000000000000  1.5000000000000000  1.7500000000000000  2.0000000000000000  2.2500000000000000  2.5000000000000000  2.7500000000000000  3.0000000000000000  3.2500000000000000  3.5000000000000000  3.7500000000000000  4.0000000000000000  4.2500000000000000  4.5000000000000000  4.7500000000000000  5.0000000000000000 F d$\sigma$/d$\Delta&R_{e^+\mu^-}$&&[fb] $\Delta&R_{e^+\mu^-}$
33  phibb  20  0.0000000000000000  0.1570796326794897  0.3141592653589793  0.4712388980384690  0.6283185307179586  0.7853981633974483  0.9424777960769379  1.0995574287564276  1.2566370614359172  1.4137166941154069  1.5707963267948966  1.7278759594743862  1.8849555921538759  2.0420352248333655  2.1991148575128552  2.3561944901923448  2.5132741228718345  2.6703537555513241  2.8274333882308138  2.9845130209103035  3.1415926535897931 F d$\sigma$/d$\Delta\phi_{b_1b_2}$&&[fb] $\Delta\phi_{b_1b_2}$
34  phiaa  20  0.0000000000000000  0.1570796326794897  0.3141592653589793  0.4712388980384690  0.6283185307179586  0.7853981633974483  0.9424777960769379  1.0995574287564276  1.2566370614359172  1.4137166941154069  1.5707963267948966  1.7278759594743862  1.8849555921538759  2.0420352248333655  2.1991148575128552  2.3561944901923448  2.5132741228718345  2.6703537555513241  2.8274333882308138  2.9845130209103035  3.1415926535897931 F d$\sigma$/d$\Delta\phi_{\gamma_1\gamma_2}$&&[fb] $\Delta\phi_{\gamma_1\gamma_2}$
35  phill  20  0.0000000000000000  0.1570796326794897  0.3141592653589793  0.4712388980384690  0.6283185307179586  0.7853981633974483  0.9424777960769379  1.0995574287564276  1.2566370614359172  1.4137166941154069  1.5707963267948966  1.7278759594743862  1.8849555921538759  2.0420352248333655  2.1991148575128552  2.3561944901923448  2.5132741228718345  2.6703537555513241  2.8274333882308138  2.9845130209103035  3.1415926535897931 F d$\sigma$/d$\Delta\phi_{e^+\mu^-}$&&[fb] $\Delta\phi_{e^+\mu^-}$
36  cosbb  20  -1.0000000000000000  -0.9000000000000000  -0.8000000000000000  -0.7000000000000000  -0.6000000000000000  -0.5000000000000000  -0.3999999999999999  -0.2999999999999999  -0.2000000000000000  -0.1000000000000000  0.0000000000000000  0.1000000000000001  0.2000000000000002  0.3000000000000000  0.4000000000000001  0.5000000000000000  0.6000000000000001  0.7000000000000002  0.8000000000000000  0.9000000000000001  1.0000000000000000 F d$\sigma$/d$cos\,\theta_{b_1b_2}$&&[fb] $cos\,\theta_{b_1b_2}$
37  cosaa  20  -1.0000000000000000  -0.9000000000000000  -0.8000000000000000  -0.7000000000000000  -0.6000000000000000  -0.5000000000000000  -0.3999999999999999  -0.2999999999999999  -0.2000000000000000  -0.1000000000000000  0.0000000000000000  0.1000000000000001  0.2000000000000002  0.3000000000000000  0.4000000000000001  0.5000000000000000  0.6000000000000001  0.7000000000000002  0.8000000000000000  0.9000000000000001  1.0000000000000000 F d$\sigma$/d$cos\,\theta_{\gamma_1\gamma_2}$&&[fb] $cos\,\theta_{\gamma_1\gamma_2}$
38  cosll  20  -1.0000000000000000  -0.9000000000000000  -0.8000000000000000  -0.7000000000000000  -0.6000000000000000  -0.5000000000000000  -0.3999999999999999  -0.2999999999999999  -0.2000000000000000  -0.1000000000000000  0.0000000000000000  0.1000000000000001  0.2000000000000002  0.3000000000000000  0.4000000000000001  0.5000000000000000  0.6000000000000001  0.7000000000000002  0.8000000000000000  0.9000000000000001  1.0000000000000000 F d$\sigma$/d$cos\,\theta_{e^+\mu^-}$&&[fb] $cos\,\theta_{e^+\mu^-}$
39  cospbb  20  0.0000000000000000  0.0500000000000000  0.1000000000000000  0.1500000000000000  0.2000000000000000  0.2500000000000000  0.3000000000000000  0.3500000000000000  0.4000000000000000  0.4500000000000000  0.5000000000000000  0.5500000000000000  0.6000000000000001  0.6500000000000000  0.7000000000000001  0.7500000000000000  0.8000000000000000  0.8500000000000001  0.9000000000000000  0.9500000000000001  1.0000000000000000 F d$\sigma$/d$cos\,\theta^*_{b_1b_2}$&&[fb] $cos\,\theta^*_{b_1b_2}$
40  cospaa  20  0.0000000000000000  0.0500000000000000  0.1000000000000000  0.1500000000000000  0.2000000000000000  0.2500000000000000  0.3000000000000000  0.3500000000000000  0.4000000000000000  0.4500000000000000  0.5000000000000000  0.5500000000000000  0.6000000000000001  0.6500000000000000  0.7000000000000001  0.7500000000000000  0.8000000000000000  0.8500000000000001  0.9000000000000000  0.9500000000000001  1.0000000000000000 F d$\sigma$/d$cos\,\theta^*_{\gamma_1\gamma_2}$&&[fb] $cos\,\theta^*_{\gamma_1\gamma_2}$
41  cospll  20  0.0000000000000000  0.0500000000000000  0.1000000000000000  0.1500000000000000  0.2000000000000000  0.2500000000000000  0.3000000000000000  0.3500000000000000  0.4000000000000000  0.4500000000000000  0.5000000000000000  0.5500000000000000  0.6000000000000001  0.6500000000000000  0.7000000000000001  0.7500000000000000  0.8000000000000000  0.8500000000000001  0.9000000000000000  0.9500000000000001  1.0000000000000000 F d$\sigma$/d$cos\,\theta^*_{e^+\mu^-}$&&[fb] $cos\,\theta^*_{e^+\mu^-}$
42  rea1  20  0.0000000000000000  0.2500000000000000  0.5000000000000000  0.7500000000000000  1.0000000000000000  1.2500000000000000  1.5000000000000000  1.7500000000000000  2.0000000000000000  2.2500000000000000  2.5000000000000000  2.7500000000000000  3.0000000000000000  3.2500000000000000  3.5000000000000000  3.7500000000000000  4.0000000000000000  4.2500000000000000  4.5000000000000000  4.7500000000000000  5.0000000000000000 F d$\sigma$/d$\Delta&R_{e^+\gamma_1}$&&[fb] $\Delta&R_{e^+\gamma_1}$
43  rea2  20  0.0000000000000000  0.2500000000000000  0.5000000000000000  0.7500000000000000  1.0000000000000000  1.2500000000000000  1.5000000000000000  1.7500000000000000  2.0000000000000000  2.2500000000000000  2.5000000000000000  2.7500000000000000  3.0000000000000000  3.2500000000000000  3.5000000000000000  3.7500000000000000  4.0000000000000000  4.2500000000000000  4.5000000000000000  4.7500000000000000  5.0000000000000000 F d$\sigma$/d$\Delta&R_{e^+\gamma_2}$&&[fb] $\Delta&R_{e^+\gamma_2}$
44  rmua1  20  0.0000000000000000  0.2500000000000000  0.5000000000000000  0.7500000000000000  1.0000000000000000  1.2500000000000000  1.5000000000000000  1.7500000000000000  2.0000000000000000  2.2500000000000000  2.5000000000000000  2.7500000000000000  3.0000000000000000  3.2500000000000000  3.5000000000000000  3.7500000000000000  4.0000000000000000  4.2500000000000000  4.5000000000000000  4.7500000000000000  5.0000000000000000 F d$\sigma$/d$\Delta&R_{\mu^-\gamma_1}$&&[fb] $\Delta&R_{\mu^-\gamma_1}$
45  rmua2  20  0.0000000000000000  0.2500000000000000  0.5000000000000000  0.7500000000000000  1.0000000000000000  1.2500000000000000  1.5000000000000000  1.7500000000000000  2.0000000000000000  2.2500000000000000  2.5000000000000000  2.7500000000000000  3.0000000000000000  3.2500000000000000  3.5000000000000000  3.7500000000000000  4.0000000000000000  4.2500000000000000  4.5000000000000000  4.7500000000000000  5.0000000000000000 F d$\sigma$/d$\Delta&R_{\mu^-\gamma_2}$&&[fb] $\Delta&R_{\mu^-\gamma_2}$
46  rba11  20  0.0000000000000000  0.2500000000000000  0.5000000000000000  0.7500000000000000  1.0000000000000000  1.2500000000000000  1.5000000000000000  1.7500000000000000  2.0000000000000000  2.2500000000000000  2.5000000000000000  2.7500000000000000  3.0000000000000000  3.2500000000000000  3.5000000000000000  3.7500000000000000  4.0000000000000000  4.2500000000000000  4.5000000000000000  4.7500000000000000  5.0000000000000000 F d$\sigma$/d$\Delta&R_{b_1\gamma_1}$&&[fb] $\Delta&R_{b_1\gamma_1}$
47  rba12  20  0.0000000000000000  0.2500000000000000  0.5000000000000000  0.7500000000000000  1.0000000000000000  1.2500000000000000  1.5000000000000000  1.7500000000000000  2.0000000000000000  2.2500000000000000  2.5000000000000000  2.7500000000000000  3.0000000000000000  3.2500000000000000  3.5000000000000000  3.7500000000000000  4.0000000000000000  4.2500000000000000  4.5000000000000000  4.7500000000000000  5.0000000000000000 F d$\sigma$/d$\Delta&R_{b_1\gamma_2}$&&[fb] $\Delta&R_{b_1\gamma_2}$
48  rba21  20  0.0000000000000000  0.2500000000000000  0.5000000000000000  0.7500000000000000  1.0000000000000000  1.2500000000000000  1.5000000000000000  1.7500000000000000  2.0000000000000000  2.2500000000000000  2.5000000000000000  2.7500000000000000  3.0000000000000000  3.2500000000000000  3.5000000000000000  3.7500000000000000  4.0000000000000000  4.2500000000000000  4.5000000000000000  4.7500000000000000  5.0000000000000000 F d$\sigma$/d$\Delta&R_{b_2\gamma_1}$&&[fb] $\Delta&R_{b_2\gamma_1}$
49  rba22  20  0.0000000000000000  0.2500000000000000  0.5000000000000000  0.7500000000000000  1.0000000000000000  1.2500000000000000  1.5000000000000000  1.7500000000000000  2.0000000000000000  2.2500000000000000  2.5000000000000000  2.7500000000000000  3.0000000000000000  3.2500000000000000  3.5000000000000000  3.7500000000000000  4.0000000000000000  4.2500000000000000  4.5000000000000000  4.7500000000000000  5.0000000000000000 F d$\sigma$/d$\Delta&R_{b_2\gamma_2}$&&[fb] $\Delta&R_{b_2\gamma_2}$
